# Cameras (837)
# PhotoID, X, Y, Z, Omega, Phi, Kappa, r11, r12, r13, r21, r22, r23, r31, r32, r33
20181201-NCKU-HB-752	170352.0520892275089864	2544062.5442100027576089	228.2272490648395262	0.2293444644355634	-2.1012809421936374	7.2197955808726952	0.9914042454449971	0.1255293895666098	0.0368781028344824	-0.1255914920128084	0.9920818370704322	-0.0006369371658962	-0.0366660503413323	-0.0040001137472332	0.9993195684276257
20181201-NCKU-HB-753	170353.2815556272398680	2544126.9968635472469032	228.1364963685996941	0.3945723401523439	-0.8348705212308647	3.8605323720177540	0.9976249760420227	0.0672263191059561	0.0150009731890319	-0.0673208822367556	0.9977139909635380	0.0058899109054778	-0.0145707237987283	-0.0068858009754626	0.9998701314435328
20181201-NCKU-HB-754	170353.3942527755280025	2544194.4116862774826586	227.0981346698705750	1.7971390218841228	-1.8476104568785814	3.3565534035539502	0.9977655182186751	0.0575112263758642	0.0340063155099631	-0.0585189661528851	0.9978526836505553	0.0294202707632353	-0.0322412973407801	-0.0313445461305251	0.9989884975181921
20181201-NCKU-HB-755	170354.1151641820324585	2544259.9425236424431205	229.6465942669817650	1.2026915381127972	-2.1721948208770772	3.4468181540731528	0.9974737615015068	0.0593146825307025	0.0390878952147236	-0.0600788443159970	0.9980189612598536	0.0186731205602452	-0.0379028703621435	-0.0209743033754444	0.9990612849151073
